23
37
53
73
113
137
173
193
197
211
223
227
229
233
241
257
271
277
283
293
311
313
317
331
337
347
353
359
367
373
379
383
389
397
433
523
541
547
557
571
577
593
613
617
673
677
719
727
733
743
757
761
773
797
977
1013
1033
1093
1097
1117
1123
1129
1153
1171
1277
1319
1327
1361
1367
1373
1493
1637
1723
1733
1741
1747
1753
1759
1777
1783
1789
1913
1931
1933
1973
1979
1993
1997
2113
2131
2137
2179
2213
2237
2239
2243
2251
2267
2269
2273
2281
2293
2297
2311
2333
2341
2347
2357
2371
2377
2383
2389
2393
2417
2437
2467
2473
2477
2503
2521
2531
2543
2557
2579
2593
2617
2633
2647
2659
2677
2683
2693
2711
2713
2719
2729
2731
2741
2753
2767
2777
2789
2797
2833
2837
2857
2887
2897
2917
2927
2953
2957
2971
3109
3119
3137
3163
3167
3181
3191
3217
3229
3251
3253
3257
3259
3271
3307
3313
3319
3323
3329
3331
3343
3347
3359
3361
3371
3373
3389
3413
3433
3449
3457
3461
3463
3467
3491
3499
3511
3517
3527
3529
3533
3541
3547
3557
3559
3571
3583
3593
3607
3613
3617
3631
3643
3659
3673
3677
3691
3701
3709
3719
3727
3733
3739
3761
3767
3769
3779
3793
3797
3821
3823
3833
3853
3863
3877
3881
3907
3911
3919
3929
3947
3967
4013
4093
4111
4127
4129
4133
4153
4157
4159
4177
4217
4327
4337
4357
4373
4397
4493
4637
4673
4723
4729
4733
4759
4783
4789
4793
4877
4993
5101
5107
5113
5167
5179
5197
5227
5231
5233
5237
5261
5273
5279
5281
5297
5323
5333
5347
5413
5417
5419
5431
5437
5443
5449
5477
5479
5503
5519
5521
5527
5531
5557
5563
5569
5573
5641
5647
5653
5659
5683
5693
5701
5711
5717
5737
5741
5743
5779
5783
5821
5827
5839
5857
5881
5897
5923
5927
5953
6073
6113
6131
6133
6143
6173
6197
6317
6473
6719
6733
6737
6761
6779
6833
6917
7013
7103
7109
7127
7129
7151
7159
7177
7193
7211
7213
7219
7229
7237
7243
7247
7253
7283
7297
7307
7331
7333
7349
7393
7417
7433
7457
7477
7487
7499
7517
7523
7529
7537
7541
7547
7559
7561
7573
7577
7583
7589
7607
7643
7673
7691
7717
7723
7727
7741
7753
7757
7759
7789
7793
7823
7829
7853
7873
7877
7883
7907
7919
7927
7933
7937
8093
8117
8233
8237
8273
8293
8297
8311
8317
8329
8353
8377
8389
8537
8573
8597
8837
8923
8929
8933
8941
8971
9293
9377
9413
9473
9533
9677
9719
9733
9743
9767
9833
9973
